cyc,int_violation,solver,intdrummax,int_hst_abv,intpgeresbalance,intsjrdiversion,int_sjr205,int_sackaccr_abv,int_mpinflow_abv,int_makeup,c4_dfg_red_trig,ei_int_fm,pulse_int_apr,pulse_int_may,int_coa_fm,sl_int_fm,int_unknown,int_bso,int_eastside,int_mweir1,int_mweir2,int_cweir1,int_cweir2,int_tweir,int_tweir0,int_tweir1,int_tweir2,int_fweir1,int_fweir2,int_sweir,int_sluis_swp_full,int_sac_below,int_tp_fill,int_lvp_fill,int_i422_p,int_sac097,int_cbd001,int_klr005corr,int_hands,int_whs_stor_chg,int_ibu_uwfe,
1966_01_c02: ,false,c__,,,,,,,,,,,,,,,,,,,,,,,,,,,,,,,,,,,,,,,
1966_01_c03: ,false,c__,,,,,,,,,,,,,,,,,,,,,,,,,,,,,,,,,,,,,,,
1966_01_c04: ,false,c__,,,,,,,,,,,,,,,,,,,,,,,,,,,,,,,,,,,,,,,
1966_01_c05: ,false,c__,,,,,,,,,,,,,,,,,,,,,,,,,,,,,,,,,,,,,,,
1966_01_c06: ,false,c__,,,,,,,,,,,,,,,,,,,,,,,,,,,,,,,,,,,,,,,
1966_01_c07: ,false,c__,,,,,,,,,,,,,,,,,,,,,,,,,,,,,,,,,,,,,,,
1966_01_c08: ,false,c__,,,,,,,,,,,,,,,,,,,,,,,,,,,,,,,,,,,,,,,
1966_01_c11: ,false,c__,,,,,,,,,,,,,,,,,,,,,,,,,,,,,,,,,,,,,,,
1966_01_c12: ,false,c__,,,,,,,,,,,,,,,,,,,,,,,,,,,,,,,,,,,,,,,
1966_01_c13: ,false,c__,,,,,,,,,,,,,,,,,,,,,,,,,,,,,,,,,,,,,,,
1966_01_c14: ,false,c__,,,,,,,,,,,,,,,,,,,,,,,,,,,,,,,,,,,,,,,
1966_01_c15: ,false,c__,,,,1.0,0.0,0.0,0.0,,,,,,,,,,,,,,,,,,,,,,,,,,,,,,,,
1966_01_c16: ,false,c__,,,,1.0,0.0,0.0,0.0,,,,,,,,,,,,,,,,,,,,,,,,,,,,,,,,
1966_01_c17: ,false,c__,,,,1.0,0.0,0.0,0.0,,,,,,,,,,,,,,,,,,,,,,,,,,,,,,,,
1966_01_c18: ,false,c__,,,,1.0,0.0,0.0,0.0,,,,,,,,,,,,,,,,,,,,,,,,,,,,,,,,
1966_01_c19: ,false,c__,,,,1.0,0.0,0.0,0.0,,,,,,,,,,,,,,,,,,,,,,,,,,,,,,,,
1966_01_c22: ,false,c__,,,,,,,,,,,,,,,,,,,,,,,,,,,,,,,,,,,,,,,
1966_01_c23: ,false,c__,,,,,,,,0.0,1.0,1.0,1.0,1.0,1.0,0.0,,,,,,,,,,,,,,,,,,,,,,,,,
1966_01_c24: ,false,c__,,,,,,,,,,,,,,,,,,,,,,,,,,,,,,,,,,,,,,,
1966_01_c25: ,false,c__,,0.0,,1.0,0.0,,,,,,,,,,0.0,0.0,0.0,0.0,0.0,0.0,0.0,0.0,1.0,0.0,0.0,0.0,0.0,0.0,1.0,1.0,0.0,0.0,0.0,1.0,0.0,1.0,1.0,1.0,1.0
1966_01_c26: ,false,c__,,0.0,,1.0,0.0,,,,,,,,,,0.0,0.0,0.0,0.0,0.0,0.0,0.0,0.0,1.0,0.0,0.0,0.0,0.0,0.0,1.0,1.0,0.0,0.0,0.0,1.0,0.0,1.0,1.0,1.0,1.0
1966_01_c27: ,false,c__,,0.0,,1.0,0.0,,,,,,,,,,0.0,0.0,0.0,0.0,0.0,0.0,0.0,0.0,1.0,0.0,0.0,0.0,0.0,0.0,1.0,1.0,0.0,0.0,0.0,1.0,0.0,1.0,1.0,1.0,1.0
1966_01_c28: ,false,c__,,0.0,,1.0,0.0,,,,,,,,,,0.0,0.0,0.0,0.0,0.0,0.0,0.0,0.0,1.0,0.0,0.0,0.0,0.0,0.0,1.0,1.0,0.0,0.0,0.0,1.0,0.0,1.0,1.0,1.0,1.0
1966_01_c29: ,false,c__,,0.0,,1.0,0.0,,,,,,,,,,0.0,0.0,0.0,0.0,0.0,0.0,0.0,0.0,1.0,0.0,0.0,0.0,0.0,0.0,0.0,1.0,0.0,0.0,0.0,,0.0,1.0,1.0,1.0,1.0
1966_01_c30: ,false,c__,,0.0,,1.0,0.0,,,,,,,,,,0.0,0.0,0.0,0.0,0.0,0.0,0.0,0.0,1.0,0.0,0.0,0.0,0.0,0.0,1.0,1.0,0.0,0.0,0.0,,0.0,1.0,1.0,1.0,1.0
1966_01_c31: ,false,c__,,0.0,,1.0,0.0,,,,,,,,,,0.0,0.0,0.0,0.0,0.0,0.0,0.0,0.0,1.0,0.0,0.0,,,,1.0,1.0,0.0,0.0,0.0,,0.0,1.0,1.0,1.0,1.0
1966_01_c32: ,false,c__,,0.0,,1.0,0.0,,,,,,,,,,0.0,0.0,0.0,0.0,0.0,0.0,0.0,0.0,1.0,0.0,0.0,,,,1.0,1.0,0.0,0.0,0.0,,0.0,1.0,1.0,1.0,1.0
1966_01_c33: ,false,c__,,0.0,,1.0,0.0,,,,,,,,,,0.0,0.0,0.0,0.0,0.0,0.0,0.0,0.0,1.0,0.0,0.0,,,,0.0,1.0,0.0,0.0,0.0,,0.0,1.0,1.0,1.0,1.0
1966_01_c34: ,false,c__,,0.0,,1.0,0.0,,,,,,,,,,0.0,0.0,0.0,0.0,0.0,0.0,0.0,0.0,1.0,0.0,0.0,,,,0.0,1.0,0.0,0.0,0.0,,0.0,1.0,1.0,1.0,1.0
1966_01_c35: ,false,c__,,0.0,,1.0,0.0,,,,,,,,,,0.0,0.0,0.0,0.0,0.0,0.0,0.0,0.0,1.0,0.0,0.0,,,,0.0,1.0,0.0,0.0,0.0,,0.0,1.0,1.0,1.0,1.0
1966_01_c36: ,false,c__,,0.0,,1.0,0.0,,,,,,,,,,0.0,0.0,0.0,0.0,0.0,0.0,0.0,0.0,1.0,0.0,0.0,,,,0.0,1.0,0.0,0.0,0.0,,0.0,1.0,1.0,1.0,1.0
1966_01_c37: ,false,c__,,0.0,,1.0,0.0,,,,,,,,,,0.0,0.0,0.0,0.0,0.0,0.0,0.0,0.0,1.0,0.0,0.0,,,,0.0,1.0,0.0,0.0,0.0,,0.0,1.0,1.0,1.0,1.0
1966_01_c38: ,false,c__,,0.0,,1.0,0.0,,,,,,,,,,0.0,0.0,0.0,0.0,0.0,0.0,0.0,0.0,1.0,0.0,0.0,,,,0.0,1.0,0.0,0.0,0.0,,0.0,1.0,1.0,1.0,1.0
1966_02_c02: ,false,c__,,,,,,,,,,,,,,,,,,,,,,,,,,,,,,,,,,,,,,,
1966_02_c03: ,false,c__,,,,,,,,,,,,,,,,,,,,,,,,,,,,,,,,,,,,,,,
1966_02_c04: ,false,c__,,,,,,,,,,,,,,,,,,,,,,,,,,,,,,,,,,,,,,,
1966_02_c05: ,false,c__,,,,,,,,,,,,,,,,,,,,,,,,,,,,,,,,,,,,,,,
1966_02_c06: ,false,c__,,,,,,,,,,,,,,,,,,,,,,,,,,,,,,,,,,,,,,,
1966_02_c07: ,false,c__,,,,,,,,,,,,,,,,,,,,,,,,,,,,,,,,,,,,,,,
1966_02_c08: ,false,c__,,,,,,,,,,,,,,,,,,,,,,,,,,,,,,,,,,,,,,,
1966_02_c11: ,false,c__,,,,,,,,,,,,,,,,,,,,,,,,,,,,,,,,,,,,,,,
1966_02_c12: ,false,c__,,,,,,,,,,,,,,,,,,,,,,,,,,,,,,,,,,,,,,,
1966_02_c13: ,false,c__,,,,,,,,,,,,,,,,,,,,,,,,,,,,,,,,,,,,,,,
1966_02_c14: ,false,c__,,,,,,,,,,,,,,,,,,,,,,,,,,,,,,,,,,,,,,,
1966_02_c15: ,false,c__,,,,1.0,0.0,0.0,0.0,,,,,,,,,,,,,,,,,,,,,,,,,,,,,,,,
1966_02_c16: ,false,c__,,,,1.0,0.0,0.0,0.0,,,,,,,,,,,,,,,,,,,,,,,,,,,,,,,,
1966_02_c17: ,false,c__,,,,1.0,0.0,0.0,0.0,,,,,,,,,,,,,,,,,,,,,,,,,,,,,,,,
1966_02_c18: ,false,c__,,,,1.0,0.0,0.0,0.0,,,,,,,,,,,,,,,,,,,,,,,,,,,,,,,,
1966_02_c19: ,false,c__,,,,1.0,0.0,0.0,0.0,,,,,,,,,,,,,,,,,,,,,,,,,,,,,,,,
1966_02_c22: ,false,c__,,,,,,,,,,,,,,,,,,,,,,,,,,,,,,,,,,,,,,,
1966_02_c23: ,false,c__,,,,,,,,0.0,0.0,1.0,1.0,1.0,1.0,0.0,,,,,,,,,,,,,,,,,,,,,,,,,
1966_02_c24: ,false,c__,,,,,,,,,,,,,,,,,,,,,,,,,,,,,,,,,,,,,,,
1966_02_c25: ,false,c__,,0.0,,1.0,0.0,,,,,,,,,,0.0,0.0,0.0,0.0,0.0,0.0,0.0,0.0,1.0,0.0,0.0,0.0,0.0,0.0,0.0,1.0,1.0,0.0,0.0,1.0,0.0,1.0,1.0,0.0,1.0
1966_02_c26: ,false,c__,,0.0,,1.0,0.0,,,,,,,,,,0.0,0.0,0.0,0.0,0.0,0.0,0.0,0.0,1.0,0.0,0.0,0.0,0.0,0.0,0.0,1.0,1.0,0.0,0.0,1.0,0.0,1.0,1.0,0.0,1.0
1966_02_c27: ,false,c__,,0.0,,1.0,0.0,,,,,,,,,,0.0,0.0,0.0,0.0,0.0,0.0,0.0,0.0,1.0,0.0,0.0,0.0,0.0,0.0,0.0,1.0,1.0,0.0,0.0,1.0,0.0,1.0,1.0,0.0,1.0
1966_02_c28: ,false,c__,,0.0,,1.0,0.0,,,,,,,,,,0.0,0.0,0.0,0.0,0.0,0.0,0.0,0.0,1.0,0.0,0.0,0.0,0.0,0.0,0.0,1.0,1.0,0.0,0.0,1.0,0.0,1.0,1.0,0.0,1.0
1966_02_c29: ,false,c__,,0.0,,1.0,0.0,,,,,,,,,,0.0,0.0,0.0,0.0,0.0,0.0,0.0,0.0,1.0,0.0,0.0,0.0,0.0,0.0,0.0,1.0,1.0,0.0,0.0,,0.0,1.0,1.0,0.0,1.0
1966_02_c30: ,false,c__,,0.0,,1.0,0.0,,,,,,,,,,0.0,0.0,0.0,0.0,0.0,0.0,0.0,0.0,1.0,0.0,0.0,0.0,0.0,0.0,0.0,1.0,1.0,0.0,0.0,,0.0,1.0,1.0,0.0,1.0
1966_02_c31: ,false,c__,,0.0,,1.0,0.0,,,,,,,,,,0.0,0.0,0.0,0.0,0.0,0.0,0.0,0.0,1.0,0.0,0.0,,,,0.0,1.0,1.0,0.0,0.0,,0.0,1.0,1.0,0.0,1.0
1966_02_c32: ,false,c__,,0.0,,1.0,0.0,,,,,,,,,,0.0,0.0,0.0,0.0,0.0,0.0,0.0,0.0,1.0,0.0,0.0,,,,0.0,1.0,1.0,0.0,0.0,,0.0,1.0,1.0,0.0,1.0
1966_02_c33: ,false,c__,,0.0,,1.0,0.0,,,,,,,,,,0.0,0.0,0.0,0.0,0.0,0.0,0.0,0.0,1.0,0.0,0.0,,,,0.0,1.0,1.0,0.0,0.0,,0.0,1.0,1.0,0.0,1.0
1966_02_c34: ,false,c__,,0.0,,1.0,0.0,,,,,,,,,,0.0,0.0,0.0,0.0,0.0,0.0,0.0,0.0,1.0,0.0,0.0,,,,0.0,1.0,1.0,0.0,0.0,,0.0,1.0,1.0,0.0,1.0
1966_02_c35: ,false,c__,,0.0,,1.0,0.0,,,,,,,,,,0.0,0.0,0.0,0.0,0.0,0.0,0.0,0.0,1.0,0.0,0.0,,,,0.0,1.0,1.0,0.0,0.0,,0.0,1.0,1.0,0.0,1.0
1966_02_c36: ,false,c__,,0.0,,1.0,0.0,,,,,,,,,,0.0,0.0,0.0,0.0,0.0,0.0,0.0,0.0,1.0,0.0,0.0,,,,0.0,1.0,1.0,0.0,0.0,,0.0,1.0,1.0,0.0,1.0
1966_02_c37: ,false,c__,,0.0,,1.0,0.0,,,,,,,,,,0.0,0.0,0.0,0.0,0.0,0.0,0.0,0.0,1.0,0.0,0.0,,,,0.0,1.0,1.0,0.0,0.0,,0.0,1.0,1.0,0.0,1.0
1966_02_c38: ,false,c__,,0.0,,1.0,0.0,,,,,,,,,,0.0,0.0,0.0,0.0,0.0,0.0,0.0,0.0,1.0,0.0,0.0,,,,0.0,1.0,1.0,0.0,0.0,,0.0,1.0,1.0,0.0,1.0
1966_03_c02: ,false,c__,,,,,,,,,,,,,,,,,,,,,,,,,,,,,,,,,,,,,,,
1966_03_c03: ,false,c__,,,,,,,,,,,,,,,,,,,,,,,,,,,,,,,,,,,,,,,
1966_03_c04: ,false,c__,,,,,,,,,,,,,,,,,,,,,,,,,,,,,,,,,,,,,,,
1966_03_c05: ,false,c__,,,,,,,,,,,,,,,,,,,,,,,,,,,,,,,,,,,,,,,
1966_03_c06: ,false,c__,,,,,,,,,,,,,,,,,,,,,,,,,,,,,,,,,,,,,,,
1966_03_c07: ,false,c__,,,,,,,,,,,,,,,,,,,,,,,,,,,,,,,,,,,,,,,
1966_03_c08: ,false,c__,,,,,,,,,,,,,,,,,,,,,,,,,,,,,,,,,,,,,,,
1966_03_c11: ,false,c__,,,,,,,,,,,,,,,,,,,,,,,,,,,,,,,,,,,,,,,
1966_03_c12: ,false,c__,,,,,,,,,,,,,,,,,,,,,,,,,,,,,,,,,,,,,,,
1966_03_c13: ,false,c__,,,,,,,,,,,,,,,,,,,,,,,,,,,,,,,,,,,,,,,
1966_03_c14: ,false,c__,,,,,,,,,,,,,,,,,,,,,,,,,,,,,,,,,,,,,,,
1966_03_c15: ,false,c__,,,,1.0,0.0,0.0,0.0,,,,,,,,,,,,,,,,,,,,,,,,,,,,,,,,
1966_03_c16: ,false,c__,,,,1.0,0.0,0.0,0.0,,,,,,,,,,,,,,,,,,,,,,,,,,,,,,,,
1966_03_c17: ,false,c__,,,,1.0,0.0,0.0,0.0,,,,,,,,,,,,,,,,,,,,,,,,,,,,,,,,
1966_03_c18: ,false,c__,,,,1.0,0.0,0.0,0.0,,,,,,,,,,,,,,,,,,,,,,,,,,,,,,,,
1966_03_c19: ,false,c__,,,,1.0,0.0,0.0,0.0,,,,,,,,,,,,,,,,,,,,,,,,,,,,,,,,
1966_03_c22: ,false,c__,,,,,,,,,,,,,,,,,,,,,,,,,,,,,,,,,,,,,,,
1966_03_c23: ,false,c__,,,,,,,,0.0,0.0,1.0,1.0,1.0,1.0,0.0,,,,,,,,,,,,,,,,,,,,,,,,,
1966_03_c24: ,false,c__,,,,,,,,,,,,,,,,,,,,,,,,,,,,,,,,,,,,,,,
1966_03_c25: ,false,c__,,0.0,,1.0,0.0,,,,,,,,,,0.0,0.0,0.0,0.0,0.0,0.0,0.0,0.0,1.0,0.0,0.0,0.0,0.0,0.0,0.0,1.0,0.0,0.0,0.0,0.0,0.0,0.0,1.0,0.0,1.0
1966_03_c26: ,false,c__,,0.0,,1.0,0.0,,,,,,,,,,0.0,0.0,0.0,0.0,0.0,0.0,0.0,0.0,1.0,0.0,0.0,0.0,0.0,0.0,0.0,1.0,0.0,0.0,0.0,0.0,0.0,0.0,1.0,0.0,1.0
1966_03_c27: ,false,c__,,0.0,,1.0,0.0,,,,,,,,,,0.0,0.0,0.0,0.0,0.0,0.0,0.0,0.0,1.0,0.0,0.0,0.0,0.0,0.0,0.0,1.0,0.0,0.0,0.0,0.0,0.0,0.0,1.0,0.0,1.0
1966_03_c28: ,false,c__,,0.0,,1.0,0.0,,,,,,,,,,0.0,0.0,0.0,0.0,0.0,0.0,0.0,0.0,1.0,0.0,0.0,0.0,0.0,0.0,0.0,1.0,0.0,0.0,0.0,0.0,0.0,0.0,1.0,0.0,1.0
1966_03_c29: ,false,c__,,0.0,,1.0,0.0,,,,,,,,,,0.0,0.0,0.0,0.0,0.0,0.0,0.0,0.0,1.0,0.0,0.0,0.0,0.0,0.0,0.0,1.0,0.0,0.0,0.0,,0.0,0.0,1.0,0.0,1.0
1966_03_c30: ,false,c__,,0.0,,1.0,0.0,,,,,,,,,,0.0,0.0,0.0,0.0,0.0,0.0,0.0,0.0,1.0,0.0,0.0,0.0,0.0,0.0,0.0,1.0,0.0,0.0,0.0,,0.0,0.0,1.0,0.0,1.0
1966_03_c31: ,false,c__,,0.0,,1.0,0.0,,,,,,,,,,0.0,0.0,0.0,0.0,0.0,0.0,0.0,0.0,1.0,0.0,0.0,,,,0.0,1.0,0.0,0.0,0.0,,0.0,0.0,1.0,0.0,1.0
1966_03_c32: ,false,c__,,0.0,,1.0,0.0,,,,,,,,,,0.0,0.0,0.0,0.0,0.0,0.0,0.0,0.0,1.0,0.0,0.0,,,,0.0,1.0,0.0,0.0,0.0,,0.0,0.0,1.0,0.0,1.0
1966_03_c33: ,false,c__,,0.0,,1.0,0.0,,,,,,,,,,0.0,0.0,0.0,0.0,0.0,0.0,0.0,0.0,1.0,0.0,0.0,,,,0.0,1.0,0.0,0.0,0.0,,0.0,0.0,1.0,0.0,1.0
1966_03_c34: ,false,c__,,0.0,,1.0,0.0,,,,,,,,,,0.0,0.0,0.0,0.0,0.0,0.0,0.0,0.0,1.0,0.0,0.0,,,,0.0,1.0,0.0,0.0,0.0,,0.0,0.0,1.0,0.0,1.0
1966_03_c35: ,false,c__,,0.0,,1.0,0.0,,,,,,,,,,0.0,0.0,0.0,0.0,0.0,0.0,0.0,0.0,1.0,0.0,0.0,,,,0.0,1.0,0.0,0.0,0.0,,0.0,0.0,1.0,0.0,1.0
1966_03_c36: ,false,c__,,0.0,,1.0,0.0,,,,,,,,,,0.0,0.0,0.0,0.0,0.0,0.0,0.0,0.0,1.0,0.0,0.0,,,,0.0,1.0,0.0,0.0,0.0,,0.0,0.0,1.0,0.0,1.0
1966_03_c37: ,false,c__,,0.0,,1.0,0.0,,,,,,,,,,0.0,0.0,0.0,0.0,0.0,0.0,0.0,0.0,1.0,0.0,0.0,,,,0.0,1.0,0.0,0.0,0.0,,0.0,0.0,1.0,0.0,1.0
1966_03_c38: ,false,c__,,0.0,,1.0,0.0,,,,,,,,,,0.0,0.0,0.0,0.0,0.0,0.0,0.0,0.0,1.0,0.0,0.0,,,,0.0,1.0,0.0,0.0,0.0,,0.0,0.0,1.0,0.0,1.0
1966_04_c02: ,false,c__,,,,,,,,,,,,,,,,,,,,,,,,,,,,,,,,,,,,,,,
1966_04_c03: ,false,c__,,,,,,,,,,,,,,,,,,,,,,,,,,,,,,,,,,,,,,,
1966_04_c04: ,false,c__,,,,,,,,,,,,,,,,,,,,,,,,,,,,,,,,,,,,,,,
1966_04_c05: ,false,c__,,,,,,,,,,,,,,,,,,,,,,,,,,,,,,,,,,,,,,,
1966_04_c06: ,false,c__,,,,,,,,,,,,,,,,,,,,,,,,,,,,,,,,,,,,,,,
1966_04_c07: ,false,c__,,,,,,,,,,,,,,,,,,,,,,,,,,,,,,,,,,,,,,,
1966_04_c08: ,false,c__,,,,,,,,,,,,,,,,,,,,,,,,,,,,,,,,,,,,,,,
1966_04_c11: ,false,c__,,,,,,,,,,,,,,,,,,,,,,,,,,,,,,,,,,,,,,,
1966_04_c12: ,false,c__,,,,,,,,,,,,,,,,,,,,,,,,,,,,,,,,,,,,,,,
1966_04_c13: ,false,c__,,,,,,,,,,,,,,,,,,,,,,,,,,,,,,,,,,,,,,,
1966_04_c14: ,false,c__,,,,,,,,,,,,,,,,,,,,,,,,,,,,,,,,,,,,,,,
1966_04_c15: ,false,c__,,,,1.0,0.0,0.0,0.0,,,,,,,,,,,,,,,,,,,,,,,,,,,,,,,,
1966_04_c16: ,false,c__,,,,1.0,0.0,0.0,0.0,,,,,,,,,,,,,,,,,,,,,,,,,,,,,,,,
1966_04_c17: ,false,c__,,,,1.0,0.0,0.0,0.0,,,,,,,,,,,,,,,,,,,,,,,,,,,,,,,,
1966_04_c18: ,false,c__,,,,1.0,0.0,0.0,0.0,,,,,,,,,,,,,,,,,,,,,,,,,,,,,,,,
1966_04_c19: ,false,c__,,,,1.0,0.0,0.0,0.0,,,,,,,,,,,,,,,,,,,,,,,,,,,,,,,,
1966_04_c20: ,false,c__,,,,1.0,0.0,0.0,0.0,,,,,,,,,,,,,,,,,,,,,,,,,,,,,,,,
1966_04_c21: ,false,c__,,,,1.0,0.0,0.0,0.0,,,,,,,,,,,,,,,,,,,,,,,,,,,,,,,,
1966_04_c22: ,false,c__,,,,,,,,,,,,,,,,,,,,,,,,,,,,,,,,,,,,,,,
1966_04_c23: ,false,c__,,,,,,,,0.0,0.0,1.0,1.0,1.0,1.0,0.0,,,,,,,,,,,,,,,,,,,,,,,,,
1966_04_c24: ,false,c__,,,,,,,,,,,,,,,,,,,,,,,,,,,,,,,,,,,,,,,
1966_04_c25: ,false,c__,,0.0,,1.0,0.0,,,,,,,,,,0.0,0.0,0.0,0.0,0.0,0.0,0.0,0.0,1.0,0.0,0.0,0.0,0.0,0.0,0.0,1.0,1.0,1.0,0.0,1.0,0.0,1.0,1.0,0.0,1.0
1966_04_c26: ,false,c__,,0.0,,1.0,0.0,,,,,,,,,,0.0,0.0,0.0,0.0,0.0,0.0,0.0,0.0,1.0,0.0,0.0,0.0,0.0,0.0,0.0,1.0,1.0,1.0,0.0,1.0,0.0,1.0,1.0,0.0,1.0
1966_04_c27: ,false,c__,,0.0,,1.0,0.0,,,,,,,,,,0.0,0.0,0.0,0.0,0.0,0.0,0.0,0.0,1.0,0.0,0.0,0.0,0.0,0.0,0.0,1.0,1.0,1.0,0.0,1.0,0.0,1.0,1.0,0.0,1.0
1966_04_c28: ,false,c__,,0.0,,1.0,0.0,,,,,,,,,,0.0,0.0,0.0,0.0,0.0,0.0,0.0,0.0,1.0,0.0,0.0,0.0,0.0,0.0,0.0,1.0,1.0,1.0,0.0,1.0,0.0,1.0,1.0,0.0,1.0
1966_04_c29: ,false,c__,,0.0,,1.0,0.0,,,,,,,,,,0.0,0.0,0.0,0.0,0.0,0.0,0.0,0.0,1.0,0.0,0.0,0.0,0.0,0.0,0.0,1.0,1.0,1.0,0.0,,0.0,1.0,1.0,0.0,1.0
1966_04_c30: ,false,c__,,0.0,,1.0,0.0,,,,,,,,,,0.0,0.0,0.0,0.0,0.0,0.0,0.0,0.0,1.0,0.0,0.0,0.0,0.0,0.0,0.0,1.0,1.0,1.0,0.0,,0.0,1.0,1.0,0.0,1.0
1966_04_c31: ,false,c__,,0.0,,1.0,0.0,,,,,,,,,,0.0,0.0,0.0,0.0,0.0,0.0,0.0,0.0,1.0,0.0,0.0,,,,0.0,1.0,1.0,1.0,0.0,,0.0,1.0,1.0,0.0,1.0
1966_04_c32: ,false,c__,,0.0,,1.0,0.0,,,,,,,,,,0.0,0.0,0.0,0.0,0.0,0.0,0.0,0.0,1.0,0.0,0.0,,,,0.0,1.0,1.0,1.0,0.0,,0.0,1.0,1.0,0.0,1.0
1966_04_c33: ,false,c__,,0.0,,1.0,0.0,,,,,,,,,,0.0,0.0,0.0,0.0,0.0,0.0,0.0,0.0,1.0,0.0,0.0,,,,0.0,1.0,1.0,1.0,0.0,,0.0,1.0,1.0,0.0,1.0
1966_04_c34: ,false,c__,,0.0,,1.0,0.0,,,,,,,,,,0.0,0.0,0.0,0.0,0.0,0.0,0.0,0.0,1.0,0.0,0.0,,,,0.0,1.0,1.0,1.0,0.0,,0.0,1.0,1.0,0.0,1.0
1966_04_c35: ,false,c__,,0.0,,1.0,0.0,,,,,,,,,,0.0,0.0,0.0,0.0,0.0,0.0,0.0,0.0,1.0,0.0,0.0,,,,0.0,1.0,1.0,1.0,0.0,,0.0,1.0,1.0,0.0,1.0
1966_04_c36: ,false,c__,,0.0,,1.0,0.0,,,,,,,,,,0.0,0.0,0.0,0.0,0.0,0.0,0.0,0.0,1.0,0.0,0.0,,,,0.0,1.0,1.0,1.0,0.0,,0.0,1.0,1.0,0.0,1.0
1966_04_c37: ,false,c__,,0.0,,1.0,0.0,,,,,,,,,,0.0,0.0,0.0,0.0,0.0,0.0,0.0,0.0,1.0,0.0,0.0,,,,0.0,1.0,1.0,1.0,0.0,,0.0,1.0,1.0,0.0,1.0
1966_04_c38: ,false,c__,,0.0,,1.0,0.0,,,,,,,,,,0.0,0.0,0.0,0.0,0.0,0.0,0.0,0.0,1.0,0.0,0.0,,,,0.0,1.0,1.0,1.0,0.0,,0.0,1.0,1.0,0.0,1.0
1966_05_c02: ,false,c__,,,,,,,,,,,,,,,,,,,,,,,,,,,,,,,,,,,,,,,
1966_05_c03: ,false,c__,,,,,,,,,,,,,,,,,,,,,,,,,,,,,,,,,,,,,,,
1966_05_c04: ,false,c__,,,,,,,,,,,,,,,,,,,,,,,,,,,,,,,,,,,,,,,
1966_05_c05: ,false,c__,,,,,,,,,,,,,,,,,,,,,,,,,,,,,,,,,,,,,,,
1966_05_c06: ,false,c__,,,,,,,,,,,,,,,,,,,,,,,,,,,,,,,,,,,,,,,
1966_05_c07: ,false,c__,,,,,,,,,,,,,,,,,,,,,,,,,,,,,,,,,,,,,,,
1966_05_c08: ,false,c__,,,,,,,,,,,,,,,,,,,,,,,,,,,,,,,,,,,,,,,
1966_05_c11: ,false,c__,,,,,,,,,,,,,,,,,,,,,,,,,,,,,,,,,,,,,,,
1966_05_c12: ,false,c__,,,,,,,,,,,,,,,,,,,,,,,,,,,,,,,,,,,,,,,
1966_05_c13: ,false,c__,,,,,,,,,,,,,,,,,,,,,,,,,,,,,,,,,,,,,,,
1966_05_c14: ,false,c__,,,,,,,,,,,,,,,,,,,,,,,,,,,,,,,,,,,,,,,
1966_05_c15: ,false,c__,,,,1.0,0.0,0.0,0.0,,,,,,,,,,,,,,,,,,,,,,,,,,,,,,,,
1966_05_c16: ,false,c__,,,,1.0,0.0,0.0,0.0,,,,,,,,,,,,,,,,,,,,,,,,,,,,,,,,
1966_05_c17: ,false,c__,,,,1.0,0.0,0.0,0.0,,,,,,,,,,,,,,,,,,,,,,,,,,,,,,,,
1966_05_c18: ,false,c__,,,,1.0,0.0,0.0,0.0,,,,,,,,,,,,,,,,,,,,,,,,,,,,,,,,
1966_05_c19: ,false,c__,,,,1.0,0.0,0.0,0.0,,,,,,,,,,,,,,,,,,,,,,,,,,,,,,,,
1966_05_c20: ,false,c__,,,,1.0,0.0,0.0,0.0,,,,,,,,,,,,,,,,,,,,,,,,,,,,,,,,
1966_05_c21: ,false,c__,,,,1.0,0.0,0.0,0.0,,,,,,,,,,,,,,,,,,,,,,,,,,,,,,,,
1966_05_c22: ,false,c__,,,,,,,,,,,,,,,,,,,,,,,,,,,,,,,,,,,,,,,
1966_05_c23: ,false,c__,,,,,,,,0.0,0.0,1.0,0.0,1.0,1.0,0.0,,,,,,,,,,,,,,,,,,,,,,,,,
1966_05_c24: ,false,c__,,,,,,,,,,,,,,,,,,,,,,,,,,,,,,,,,,,,,,,
1966_05_c25: ,false,c__,,0.0,,1.0,0.0,,,,,,,,,,0.0,0.0,0.0,0.0,0.0,0.0,0.0,0.0,1.0,0.0,0.0,0.0,0.0,0.0,0.0,1.0,1.0,0.0,0.0,1.0,0.0,1.0,1.0,1.0,0.0
1966_05_c26: ,false,c__,,0.0,,1.0,0.0,,,,,,,,,,0.0,0.0,0.0,0.0,0.0,0.0,0.0,0.0,1.0,0.0,0.0,0.0,0.0,0.0,0.0,1.0,1.0,0.0,0.0,1.0,0.0,1.0,1.0,1.0,0.0
1966_05_c27: ,false,c__,,0.0,,1.0,0.0,,,,,,,,,,0.0,0.0,0.0,0.0,0.0,0.0,0.0,0.0,1.0,0.0,0.0,0.0,0.0,0.0,0.0,1.0,1.0,0.0,0.0,1.0,0.0,1.0,1.0,1.0,0.0
1966_05_c28: ,false,c__,,0.0,,1.0,0.0,,,,,,,,,,0.0,0.0,0.0,0.0,0.0,0.0,0.0,0.0,1.0,0.0,0.0,0.0,0.0,0.0,0.0,1.0,1.0,0.0,0.0,1.0,0.0,1.0,1.0,1.0,0.0
1966_05_c29: ,false,c__,,0.0,,1.0,0.0,,,,,,,,,,0.0,0.0,0.0,0.0,0.0,0.0,0.0,0.0,1.0,0.0,0.0,0.0,0.0,0.0,0.0,1.0,1.0,0.0,0.0,,0.0,1.0,1.0,1.0,0.0
1966_05_c30: ,false,c__,,0.0,,1.0,0.0,,,,,,,,,,0.0,0.0,0.0,0.0,0.0,0.0,0.0,0.0,1.0,0.0,0.0,0.0,0.0,0.0,0.0,1.0,1.0,0.0,0.0,,0.0,1.0,1.0,1.0,0.0
1966_05_c31: ,false,c__,,0.0,,1.0,0.0,,,,,,,,,,0.0,0.0,0.0,0.0,0.0,0.0,0.0,0.0,1.0,0.0,0.0,,,,0.0,1.0,1.0,0.0,0.0,,0.0,1.0,1.0,1.0,0.0
1966_05_c32: ,false,c__,,0.0,,1.0,0.0,,,,,,,,,,0.0,0.0,0.0,0.0,0.0,0.0,0.0,0.0,1.0,0.0,0.0,,,,0.0,1.0,1.0,0.0,0.0,,0.0,1.0,1.0,1.0,0.0
1966_05_c33: ,false,c__,,0.0,,1.0,0.0,,,,,,,,,,0.0,0.0,0.0,0.0,0.0,0.0,0.0,0.0,1.0,0.0,0.0,,,,0.0,1.0,1.0,0.0,0.0,,0.0,1.0,1.0,1.0,0.0
1966_05_c34: ,false,c__,,0.0,,1.0,0.0,,,,,,,,,,0.0,0.0,0.0,0.0,0.0,0.0,0.0,0.0,1.0,0.0,0.0,,,,0.0,1.0,1.0,0.0,0.0,,0.0,1.0,1.0,1.0,0.0
1966_05_c35: ,false,c__,,0.0,,1.0,0.0,,,,,,,,,,0.0,0.0,0.0,0.0,0.0,0.0,0.0,0.0,1.0,0.0,0.0,,,,0.0,1.0,1.0,0.0,0.0,,0.0,1.0,1.0,1.0,0.0
1966_05_c36: ,false,c__,,0.0,,1.0,0.0,,,,,,,,,,0.0,0.0,0.0,0.0,0.0,0.0,0.0,0.0,1.0,0.0,0.0,,,,0.0,1.0,1.0,0.0,0.0,,0.0,1.0,1.0,1.0,0.0
1966_05_c37: ,false,c__,,0.0,,1.0,0.0,,,,,,,,,,0.0,0.0,0.0,0.0,0.0,0.0,0.0,0.0,1.0,0.0,0.0,,,,0.0,1.0,1.0,0.0,0.0,,0.0,1.0,1.0,1.0,0.0
1966_05_c38: ,false,c__,,0.0,,1.0,0.0,,,,,,,,,,0.0,0.0,0.0,0.0,0.0,0.0,0.0,0.0,1.0,0.0,0.0,,,,0.0,1.0,1.0,0.0,0.0,,0.0,1.0,1.0,1.0,0.0
1966_06_c03: ,false,c__,,,,,,,,,,,,,,,,,,,,,,,,,,,,,,,,,,,,,,,
1966_06_c04: ,false,c__,,,,,,,,,,,,,,,,,,,,,,,,,,,,,,,,,,,,,,,
1966_06_c05: ,false,c__,,,,,,,,,,,,,,,,,,,,,,,,,,,,,,,,,,,,,,,
1966_06_c06: ,false,c__,,,,,,,,,,,,,,,,,,,,,,,,,,,,,,,,,,,,,,,
1966_06_c07: ,false,c__,,,,,,,,,,,,,,,,,,,,,,,,,,,,,,,,,,,,,,,
1966_06_c08: ,false,c__,,,,,,,,,,,,,,,,,,,,,,,,,,,,,,,,,,,,,,,
1966_06_c11: ,false,c__,,,,,,,,,,,,,,,,,,,,,,,,,,,,,,,,,,,,,,,
1966_06_c12: ,false,c__,,,,,,,,,,,,,,,,,,,,,,,,,,,,,,,,,,,,,,,
1966_06_c13: ,false,c__,,,,,,,,,,,,,,,,,,,,,,,,,,,,,,,,,,,,,,,
1966_06_c14: ,false,c__,,,,,,,,,,,,,,,,,,,,,,,,,,,,,,,,,,,,,,,
1966_06_c15: ,false,c__,,,,1.0,0.0,0.0,0.0,,,,,,,,,,,,,,,,,,,,,,,,,,,,,,,,
1966_06_c16: ,false,c__,,,,1.0,0.0,0.0,0.0,,,,,,,,,,,,,,,,,,,,,,,,,,,,,,,,
1966_06_c17: ,false,c__,,,,1.0,0.0,0.0,0.0,,,,,,,,,,,,,,,,,,,,,,,,,,,,,,,,
1966_06_c18: ,false,c__,,,,1.0,0.0,0.0,0.0,,,,,,,,,,,,,,,,,,,,,,,,,,,,,,,,
1966_06_c19: ,false,c__,,,,1.0,0.0,0.0,0.0,,,,,,,,,,,,,,,,,,,,,,,,,,,,,,,,
1966_06_c24: ,false,c__,,,,,,,,,,,,,,,,,,,,,,,,,,,,,,,,,,,,,,,
1966_06_c25: ,false,c__,,0.0,,1.0,0.0,,,,,,,,,,0.0,0.0,0.0,0.0,0.0,0.0,0.0,0.0,1.0,0.0,0.0,0.0,0.0,0.0,0.0,1.0,0.0,0.0,0.0,1.0,0.0,1.0,1.0,1.0,0.0
1966_06_c26: ,false,c__,,0.0,,1.0,0.0,,,,,,,,,,0.0,0.0,0.0,0.0,0.0,0.0,0.0,0.0,1.0,0.0,0.0,0.0,0.0,0.0,0.0,1.0,0.0,0.0,0.0,1.0,0.0,1.0,1.0,1.0,0.0
1966_06_c27: ,false,c__,,0.0,,1.0,0.0,,,,,,,,,,0.0,0.0,0.0,0.0,0.0,0.0,0.0,0.0,1.0,0.0,0.0,0.0,0.0,0.0,0.0,1.0,0.0,0.0,0.0,1.0,0.0,1.0,1.0,1.0,0.0
1966_06_c28: ,false,c__,,0.0,,1.0,0.0,,,,,,,,,,0.0,0.0,0.0,0.0,0.0,0.0,0.0,0.0,1.0,0.0,0.0,0.0,0.0,0.0,0.0,1.0,0.0,0.0,0.0,1.0,0.0,1.0,1.0,1.0,0.0
1966_06_c29: ,false,c__,,0.0,,1.0,0.0,,,,,,,,,,0.0,0.0,0.0,0.0,0.0,0.0,0.0,0.0,1.0,0.0,0.0,0.0,0.0,0.0,0.0,1.0,0.0,0.0,0.0,,0.0,1.0,1.0,1.0,0.0
1966_06_c30: ,false,c__,,0.0,,1.0,0.0,,,,,,,,,,0.0,0.0,0.0,0.0,0.0,0.0,0.0,0.0,1.0,0.0,0.0,0.0,0.0,0.0,0.0,1.0,0.0,0.0,0.0,,0.0,1.0,1.0,1.0,0.0
1966_06_c31: ,false,c__,,0.0,,1.0,0.0,,,,,,,,,,0.0,0.0,0.0,0.0,0.0,0.0,0.0,0.0,1.0,0.0,0.0,,,,0.0,1.0,0.0,0.0,0.0,,0.0,1.0,1.0,1.0,0.0
1966_06_c32: ,false,c__,,0.0,,1.0,0.0,,,,,,,,,,0.0,0.0,0.0,0.0,0.0,0.0,0.0,0.0,1.0,0.0,0.0,,,,0.0,1.0,0.0,0.0,0.0,,0.0,1.0,1.0,1.0,0.0
1966_06_c33: ,false,c__,,0.0,,1.0,0.0,,,,,,,,,,0.0,0.0,0.0,0.0,0.0,0.0,0.0,0.0,1.0,0.0,0.0,,,,0.0,1.0,0.0,0.0,0.0,,0.0,1.0,1.0,1.0,0.0
1966_06_c34: ,false,c__,,0.0,,1.0,0.0,,,,,,,,,,0.0,0.0,0.0,0.0,0.0,0.0,0.0,0.0,1.0,0.0,0.0,,,,0.0,1.0,0.0,0.0,0.0,,0.0,1.0,1.0,1.0,0.0
1966_06_c35: ,false,c__,,0.0,,1.0,0.0,,,,,,,,,,0.0,0.0,0.0,0.0,0.0,0.0,0.0,0.0,1.0,0.0,0.0,,,,0.0,1.0,0.0,0.0,0.0,,0.0,1.0,1.0,1.0,0.0
1966_06_c36: ,false,c__,,0.0,,1.0,0.0,,,,,,,,,,0.0,0.0,0.0,0.0,0.0,0.0,0.0,0.0,1.0,0.0,0.0,,,,0.0,1.0,0.0,0.0,0.0,,0.0,1.0,1.0,1.0,0.0
1966_06_c37: ,false,c__,,0.0,,1.0,0.0,,,,,,,,,,0.0,0.0,0.0,0.0,0.0,0.0,0.0,0.0,1.0,0.0,0.0,,,,0.0,1.0,0.0,0.0,0.0,,0.0,1.0,1.0,1.0,0.0
1966_06_c38: ,false,c__,,0.0,,1.0,0.0,,,,,,,,,,0.0,0.0,0.0,0.0,0.0,0.0,0.0,0.0,1.0,0.0,0.0,,,,0.0,1.0,0.0,0.0,0.0,,0.0,1.0,1.0,1.0,0.0
1966_07_c03: ,false,c__,,,,,,,,,,,,,,,,,,,,,,,,,,,,,,,,,,,,,,,
1966_07_c04: ,false,c__,,,,,,,,,,,,,,,,,,,,,,,,,,,,,,,,,,,,,,,
1966_07_c05: ,false,c__,,,,,,,,,,,,,,,,,,,,,,,,,,,,,,,,,,,,,,,
1966_07_c06: ,false,c__,,,,,,,,,,,,,,,,,,,,,,,,,,,,,,,,,,,,,,,
1966_07_c07: ,false,c__,,,,,,,,,,,,,,,,,,,,,,,,,,,,,,,,,,,,,,,
1966_07_c08: ,false,c__,,,,,,,,,,,,,,,,,,,,,,,,,,,,,,,,,,,,,,,
1966_07_c11: ,false,c__,,,,,,,,,,,,,,,,,,,,,,,,,,,,,,,,,,,,,,,
1966_07_c12: ,false,c__,,,,,,,,,,,,,,,,,,,,,,,,,,,,,,,,,,,,,,,
1966_07_c13: ,false,c__,,,,,,,,,,,,,,,,,,,,,,,,,,,,,,,,,,,,,,,
1966_07_c14: ,false,c__,,,,,,,,,,,,,,,,,,,,,,,,,,,,,,,,,,,,,,,
1966_07_c15: ,false,c__,,,,1.0,0.0,0.0,0.0,,,,,,,,,,,,,,,,,,,,,,,,,,,,,,,,
1966_07_c16: ,false,c__,,,,1.0,0.0,0.0,0.0,,,,,,,,,,,,,,,,,,,,,,,,,,,,,,,,
1966_07_c17: ,false,c__,,,,1.0,0.0,0.0,0.0,,,,,,,,,,,,,,,,,,,,,,,,,,,,,,,,
1966_07_c18: ,false,c__,,,,1.0,0.0,0.0,0.0,,,,,,,,,,,,,,,,,,,,,,,,,,,,,,,,
1966_07_c19: ,false,c__,,,,1.0,0.0,0.0,0.0,,,,,,,,,,,,,,,,,,,,,,,,,,,,,,,,
1966_07_c24: ,false,c__,,,,,,,,,,,,,,,,,,,,,,,,,,,,,,,,,,,,,,,
1966_07_c25: ,false,c__,,0.0,,1.0,0.0,,,,,,,,,,0.0,0.0,0.0,0.0,0.0,0.0,0.0,0.0,1.0,0.0,0.0,0.0,0.0,0.0,0.0,1.0,1.0,0.0,0.0,1.0,0.0,1.0,1.0,1.0,0.0
1966_07_c26: ,false,c__,,0.0,,1.0,0.0,,,,,,,,,,0.0,0.0,0.0,0.0,0.0,0.0,0.0,0.0,1.0,0.0,0.0,0.0,0.0,0.0,0.0,1.0,1.0,0.0,0.0,1.0,0.0,1.0,1.0,1.0,0.0
1966_07_c27: ,false,c__,,0.0,,1.0,0.0,,,,,,,,,,0.0,0.0,0.0,0.0,0.0,0.0,0.0,0.0,1.0,0.0,0.0,0.0,0.0,0.0,0.0,1.0,1.0,0.0,0.0,1.0,0.0,1.0,1.0,1.0,0.0
1966_07_c28: ,false,c__,,0.0,,1.0,0.0,,,,,,,,,,0.0,0.0,0.0,0.0,0.0,0.0,0.0,0.0,1.0,0.0,0.0,0.0,0.0,0.0,0.0,1.0,1.0,0.0,0.0,1.0,0.0,1.0,1.0,1.0,0.0
1966_07_c29: ,false,c__,,0.0,,1.0,0.0,,,,,,,,,,0.0,0.0,0.0,0.0,0.0,0.0,0.0,0.0,1.0,0.0,0.0,0.0,0.0,0.0,0.0,1.0,1.0,0.0,0.0,,0.0,1.0,1.0,1.0,0.0
1966_07_c30: ,false,c__,,0.0,,1.0,0.0,,,,,,,,,,0.0,0.0,0.0,0.0,0.0,0.0,0.0,0.0,1.0,0.0,0.0,0.0,0.0,0.0,0.0,1.0,1.0,0.0,0.0,,0.0,1.0,1.0,1.0,0.0
1966_07_c31: ,false,c__,,0.0,,1.0,0.0,,,,,,,,,,0.0,0.0,0.0,0.0,0.0,0.0,0.0,0.0,1.0,0.0,0.0,,,,0.0,1.0,1.0,0.0,0.0,,0.0,1.0,1.0,1.0,0.0
1966_07_c32: ,false,c__,,0.0,,1.0,0.0,,,,,,,,,,0.0,0.0,0.0,0.0,0.0,0.0,0.0,0.0,1.0,0.0,0.0,,,,0.0,1.0,1.0,0.0,0.0,,0.0,1.0,1.0,1.0,0.0
1966_07_c33: ,false,c__,,0.0,,1.0,0.0,,,,,,,,,,0.0,0.0,0.0,0.0,0.0,0.0,0.0,0.0,1.0,0.0,0.0,,,,0.0,1.0,1.0,0.0,0.0,,0.0,1.0,1.0,1.0,0.0
1966_07_c34: ,false,c__,,0.0,,1.0,0.0,,,,,,,,,,0.0,0.0,0.0,0.0,0.0,0.0,0.0,0.0,1.0,0.0,0.0,,,,0.0,1.0,1.0,0.0,0.0,,0.0,1.0,1.0,1.0,0.0
1966_07_c35: ,false,c__,,0.0,,1.0,0.0,,,,,,,,,,0.0,0.0,0.0,0.0,0.0,0.0,0.0,0.0,1.0,0.0,0.0,,,,0.0,1.0,1.0,0.0,0.0,,0.0,1.0,1.0,1.0,0.0
1966_07_c36: ,false,c__,,0.0,,1.0,0.0,,,,,,,,,,0.0,0.0,0.0,0.0,0.0,0.0,0.0,0.0,1.0,0.0,0.0,,,,0.0,1.0,1.0,0.0,0.0,,0.0,1.0,1.0,1.0,0.0
1966_07_c37: ,false,c__,,0.0,,1.0,0.0,,,,,,,,,,0.0,0.0,0.0,0.0,0.0,0.0,0.0,0.0,1.0,0.0,0.0,,,,0.0,1.0,1.0,0.0,0.0,,0.0,1.0,1.0,1.0,0.0
1966_07_c38: ,false,c__,,0.0,,1.0,0.0,,,,,,,,,,0.0,0.0,0.0,0.0,0.0,0.0,0.0,0.0,1.0,0.0,0.0,,,,0.0,1.0,1.0,0.0,0.0,,0.0,1.0,1.0,1.0,0.0
1966_08_c03: ,false,c__,,,,,,,,,,,,,,,,,,,,,,,,,,,,,,,,,,,,,,,
1966_08_c04: ,false,c__,,,,,,,,,,,,,,,,,,,,,,,,,,,,,,,,,,,,,,,
1966_08_c05: ,false,c__,,,,,,,,,,,,,,,,,,,,,,,,,,,,,,,,,,,,,,,
1966_08_c06: ,false,c__,,,,,,,,,,,,,,,,,,,,,,,,,,,,,,,,,,,,,,,
1966_08_c07: ,false,c__,,,,,,,,,,,,,,,,,,,,,,,,,,,,,,,,,,,,,,,
1966_08_c08: ,false,c__,,,,,,,,,,,,,,,,,,,,,,,,,,,,,,,,,,,,,,,
1966_08_c11: ,false,c__,,,,,,,,,,,,,,,,,,,,,,,,,,,,,,,,,,,,,,,
1966_08_c12: ,false,c__,,,,,,,,,,,,,,,,,,,,,,,,,,,,,,,,,,,,,,,
1966_08_c13: ,false,c__,,,,,,,,,,,,,,,,,,,,,,,,,,,,,,,,,,,,,,,
1966_08_c14: ,false,c__,,,,,,,,,,,,,,,,,,,,,,,,,,,,,,,,,,,,,,,
1966_08_c15: ,false,c__,,,,1.0,0.0,0.0,0.0,,,,,,,,,,,,,,,,,,,,,,,,,,,,,,,,
1966_08_c16: ,false,c__,,,,1.0,0.0,0.0,0.0,,,,,,,,,,,,,,,,,,,,,,,,,,,,,,,,
1966_08_c17: ,false,c__,,,,1.0,0.0,0.0,0.0,,,,,,,,,,,,,,,,,,,,,,,,,,,,,,,,
1966_08_c18: ,false,c__,,,,1.0,0.0,0.0,0.0,,,,,,,,,,,,,,,,,,,,,,,,,,,,,,,,
1966_08_c19: ,false,c__,,,,1.0,0.0,0.0,0.0,,,,,,,,,,,,,,,,,,,,,,,,,,,,,,,,
1966_08_c24: ,false,c__,,,,,,,,,,,,,,,,,,,,,,,,,,,,,,,,,,,,,,,
1966_08_c25: ,false,c__,,0.0,,1.0,0.0,,,,,,,,,,0.0,0.0,0.0,0.0,0.0,0.0,0.0,0.0,1.0,0.0,0.0,0.0,0.0,0.0,0.0,1.0,1.0,0.0,0.0,1.0,1.0,0.0,1.0,1.0,0.0
1966_08_c26: ,false,c__,,0.0,,1.0,0.0,,,,,,,,,,0.0,0.0,0.0,0.0,0.0,0.0,0.0,0.0,1.0,0.0,0.0,0.0,0.0,0.0,0.0,1.0,1.0,0.0,0.0,1.0,1.0,0.0,1.0,1.0,0.0
1966_08_c27: ,false,c__,,0.0,,1.0,0.0,,,,,,,,,,0.0,0.0,0.0,0.0,0.0,0.0,0.0,0.0,1.0,0.0,0.0,0.0,0.0,0.0,0.0,1.0,1.0,0.0,0.0,1.0,1.0,0.0,1.0,1.0,0.0
1966_08_c28: ,false,c__,,0.0,,1.0,0.0,,,,,,,,,,0.0,0.0,0.0,0.0,0.0,0.0,0.0,0.0,1.0,0.0,0.0,0.0,0.0,0.0,0.0,1.0,1.0,0.0,0.0,1.0,1.0,0.0,1.0,1.0,0.0
1966_08_c29: ,false,c__,,0.0,,1.0,0.0,,,,,,,,,,0.0,0.0,0.0,0.0,0.0,0.0,0.0,0.0,1.0,0.0,0.0,0.0,0.0,0.0,0.0,1.0,1.0,0.0,0.0,,1.0,0.0,1.0,1.0,0.0
1966_08_c30: ,false,c__,,0.0,,1.0,0.0,,,,,,,,,,0.0,0.0,0.0,0.0,0.0,0.0,0.0,0.0,1.0,0.0,0.0,0.0,0.0,0.0,0.0,1.0,1.0,0.0,0.0,,1.0,0.0,1.0,1.0,0.0
1966_08_c31: ,false,c__,,0.0,,1.0,0.0,,,,,,,,,,0.0,0.0,0.0,0.0,0.0,0.0,0.0,0.0,1.0,0.0,0.0,,,,0.0,1.0,1.0,0.0,0.0,,1.0,0.0,1.0,1.0,0.0
1966_08_c32: ,false,c__,,0.0,,1.0,0.0,,,,,,,,,,0.0,0.0,0.0,0.0,0.0,0.0,0.0,0.0,1.0,0.0,0.0,,,,0.0,1.0,1.0,0.0,0.0,,1.0,0.0,1.0,1.0,0.0
1966_08_c33: ,false,c__,,0.0,,1.0,0.0,,,,,,,,,,0.0,0.0,0.0,0.0,0.0,0.0,0.0,0.0,1.0,0.0,0.0,,,,0.0,1.0,1.0,0.0,0.0,,1.0,0.0,1.0,1.0,0.0
1966_08_c34: ,false,c__,,0.0,,1.0,0.0,,,,,,,,,,0.0,0.0,0.0,0.0,0.0,0.0,0.0,0.0,1.0,0.0,0.0,,,,0.0,1.0,1.0,0.0,0.0,,1.0,0.0,1.0,1.0,0.0
1966_08_c35: ,false,c__,,0.0,,1.0,0.0,,,,,,,,,,0.0,0.0,0.0,0.0,0.0,0.0,0.0,0.0,1.0,0.0,0.0,,,,0.0,1.0,1.0,0.0,0.0,,1.0,0.0,1.0,1.0,0.0
1966_08_c36: ,false,c__,,0.0,,1.0,0.0,,,,,,,,,,0.0,0.0,0.0,0.0,0.0,0.0,0.0,0.0,1.0,0.0,0.0,,,,0.0,1.0,1.0,0.0,0.0,,1.0,0.0,1.0,1.0,0.0
1966_08_c37: ,false,c__,,0.0,,1.0,0.0,,,,,,,,,,0.0,0.0,0.0,0.0,0.0,0.0,0.0,0.0,1.0,0.0,0.0,,,,0.0,1.0,1.0,0.0,0.0,,1.0,0.0,1.0,1.0,0.0
1966_08_c38: ,false,c__,,0.0,,1.0,0.0,,,,,,,,,,0.0,0.0,0.0,0.0,0.0,0.0,0.0,0.0,1.0,0.0,0.0,,,,0.0,1.0,1.0,0.0,0.0,,1.0,0.0,1.0,1.0,0.0
1966_09_c03: ,false,c__,,,,,,,,,,,,,,,,,,,,,,,,,,,,,,,,,,,,,,,
1966_09_c04: ,false,c__,,,,,,,,,,,,,,,,,,,,,,,,,,,,,,,,,,,,,,,
1966_09_c05: ,false,c__,,,,,,,,,,,,,,,,,,,,,,,,,,,,,,,,,,,,,,,
1966_09_c06: ,false,c__,,,,,,,,,,,,,,,,,,,,,,,,,,,,,,,,,,,,,,,
1966_09_c07: ,false,c__,,,,,,,,,,,,,,,,,,,,,,,,,,,,,,,,,,,,,,,
1966_09_c08: ,false,c__,,,,,,,,,,,,,,,,,,,,,,,,,,,,,,,,,,,,,,,
1966_09_c11: ,false,c__,,,,,,,,,,,,,,,,,,,,,,,,,,,,,,,,,,,,,,,
1966_09_c12: ,false,c__,,,,,,,,,,,,,,,,,,,,,,,,,,,,,,,,,,,,,,,
1966_09_c13: ,false,c__,,,,,,,,,,,,,,,,,,,,,,,,,,,,,,,,,,,,,,,
1966_09_c14: ,false,c__,,,,,,,,,,,,,,,,,,,,,,,,,,,,,,,,,,,,,,,
1966_09_c15: ,false,c__,,,,1.0,0.0,0.0,0.0,,,,,,,,,,,,,,,,,,,,,,,,,,,,,,,,
1966_09_c16: ,false,c__,,,,1.0,0.0,0.0,0.0,,,,,,,,,,,,,,,,,,,,,,,,,,,,,,,,
1966_09_c17: ,false,c__,,,,1.0,0.0,0.0,0.0,,,,,,,,,,,,,,,,,,,,,,,,,,,,,,,,
1966_09_c18: ,false,c__,,,,1.0,0.0,0.0,0.0,,,,,,,,,,,,,,,,,,,,,,,,,,,,,,,,
1966_09_c19: ,false,c__,,,,1.0,0.0,0.0,0.0,,,,,,,,,,,,,,,,,,,,,,,,,,,,,,,,
1966_09_c24: ,false,c__,,,,,,,,,,,,,,,,,,,,,,,,,,,,,,,,,,,,,,,
1966_09_c25: ,false,c__,,0.0,,1.0,0.0,,,,,,,,,,0.0,0.0,0.0,0.0,0.0,0.0,0.0,0.0,1.0,0.0,0.0,0.0,0.0,0.0,0.0,1.0,1.0,0.0,0.0,1.0,0.0,1.0,1.0,1.0,1.0
1966_09_c26: ,false,c__,,0.0,,1.0,0.0,,,,,,,,,,0.0,0.0,0.0,0.0,0.0,0.0,0.0,0.0,1.0,0.0,0.0,0.0,0.0,0.0,0.0,1.0,1.0,0.0,0.0,1.0,0.0,1.0,1.0,1.0,1.0
1966_09_c27: ,false,c__,,0.0,,1.0,0.0,,,,,,,,,,0.0,0.0,0.0,0.0,0.0,0.0,0.0,0.0,1.0,0.0,0.0,0.0,0.0,0.0,0.0,1.0,1.0,0.0,0.0,1.0,0.0,1.0,1.0,1.0,1.0
1966_09_c28: ,false,c__,,0.0,,1.0,0.0,,,,,,,,,,0.0,0.0,0.0,0.0,0.0,0.0,0.0,0.0,1.0,0.0,0.0,0.0,0.0,0.0,0.0,1.0,1.0,0.0,0.0,1.0,0.0,1.0,1.0,1.0,1.0
1966_09_c29: ,false,c__,,0.0,,1.0,0.0,,,,,,,,,,0.0,0.0,0.0,0.0,0.0,0.0,0.0,0.0,1.0,0.0,0.0,0.0,0.0,0.0,0.0,1.0,1.0,0.0,0.0,,0.0,1.0,1.0,1.0,1.0
1966_09_c30: ,false,c__,,0.0,,1.0,0.0,,,,,,,,,,0.0,0.0,0.0,0.0,0.0,0.0,0.0,0.0,1.0,0.0,0.0,0.0,0.0,0.0,0.0,1.0,1.0,0.0,0.0,,0.0,1.0,1.0,1.0,1.0
1966_09_c31: ,false,c__,,0.0,,1.0,0.0,,,,,,,,,,0.0,0.0,0.0,0.0,0.0,0.0,0.0,0.0,1.0,0.0,0.0,,,,0.0,1.0,1.0,0.0,0.0,,0.0,1.0,1.0,1.0,1.0
1966_09_c32: ,false,c__,,0.0,,1.0,0.0,,,,,,,,,,0.0,0.0,0.0,0.0,0.0,0.0,0.0,0.0,1.0,0.0,0.0,,,,0.0,1.0,1.0,0.0,0.0,,0.0,1.0,1.0,1.0,1.0
1966_09_c33: ,false,c__,,0.0,,1.0,0.0,,,,,,,,,,0.0,0.0,0.0,0.0,0.0,0.0,0.0,0.0,1.0,0.0,0.0,,,,0.0,1.0,1.0,0.0,0.0,,0.0,1.0,1.0,1.0,1.0
1966_09_c34: ,false,c__,,0.0,,1.0,0.0,,,,,,,,,,0.0,0.0,0.0,0.0,0.0,0.0,0.0,0.0,1.0,0.0,0.0,,,,0.0,1.0,1.0,0.0,0.0,,0.0,1.0,1.0,1.0,1.0
1966_09_c35: ,false,c__,,0.0,,1.0,0.0,,,,,,,,,,0.0,0.0,0.0,0.0,0.0,0.0,0.0,0.0,1.0,0.0,0.0,,,,0.0,1.0,1.0,0.0,0.0,,0.0,1.0,1.0,1.0,1.0
1966_09_c36: ,false,c__,,0.0,,1.0,0.0,,,,,,,,,,0.0,0.0,0.0,0.0,0.0,0.0,0.0,0.0,1.0,0.0,0.0,,,,0.0,1.0,1.0,0.0,0.0,,0.0,1.0,1.0,1.0,1.0
1966_09_c37: ,false,c__,,0.0,,1.0,0.0,,,,,,,,,,0.0,0.0,0.0,0.0,0.0,0.0,0.0,0.0,1.0,0.0,0.0,,,,0.0,1.0,1.0,0.0,0.0,,0.0,1.0,1.0,1.0,1.0
1966_09_c38: ,false,c__,,0.0,,1.0,0.0,,,,,,,,,,0.0,0.0,0.0,0.0,0.0,0.0,0.0,0.0,1.0,0.0,0.0,,,,0.0,1.0,1.0,0.0,0.0,,0.0,1.0,1.0,1.0,1.0
1966_10_c03: ,false,c__,,,,,,,,,,,,,,,,,,,,,,,,,,,,,,,,,,,,,,,
1966_10_c04: ,false,c__,,,,,,,,,,,,,,,,,,,,,,,,,,,,,,,,,,,,,,,
1966_10_c05: ,false,c__,,,,,,,,,,,,,,,,,,,,,,,,,,,,,,,,,,,,,,,
1966_10_c06: ,false,c__,,,,,,,,,,,,,,,,,,,,,,,,,,,,,,,,,,,,,,,
1966_10_c07: ,false,c__,,,,,,,,,,,,,,,,,,,,,,,,,,,,,,,,,,,,,,,
1966_10_c08: ,false,c__,,,,,,,,,,,,,,,,,,,,,,,,,,,,,,,,,,,,,,,
1966_10_c11: ,false,c__,,,,,,,,,,,,,,,,,,,,,,,,,,,,,,,,,,,,,,,
1966_10_c12: ,false,c__,,,,,,,,,,,,,,,,,,,,,,,,,,,,,,,,,,,,,,,
1966_10_c13: ,false,c__,,,,,,,,,,,,,,,,,,,,,,,,,,,,,,,,,,,,,,,
1966_10_c14: ,false,c__,,,,,,,,,,,,,,,,,,,,,,,,,,,,,,,,,,,,,,,
1966_10_c15: ,false,c__,,,,1.0,0.0,0.0,0.0,,,,,,,,,,,,,,,,,,,,,,,,,,,,,,,,
1966_10_c16: ,false,c__,,,,1.0,0.0,0.0,0.0,,,,,,,,,,,,,,,,,,,,,,,,,,,,,,,,
1966_10_c17: ,false,c__,,,,1.0,0.0,0.0,0.0,,,,,,,,,,,,,,,,,,,,,,,,,,,,,,,,
1966_10_c18: ,false,c__,,,,1.0,0.0,0.0,0.0,,,,,,,,,,,,,,,,,,,,,,,,,,,,,,,,
1966_10_c19: ,false,c__,,,,1.0,0.0,0.0,0.0,,,,,,,,,,,,,,,,,,,,,,,,,,,,,,,,
1966_10_c24: ,false,c__,,,,,,,,,,,,,,,,,,,,,,,,,,,,,,,,,,,,,,,
1966_10_c25: ,false,c__,,0.0,,1.0,0.0,,,,,,,,,,0.0,0.0,0.0,0.0,0.0,0.0,0.0,0.0,1.0,0.0,0.0,0.0,0.0,0.0,0.0,1.0,0.0,0.0,0.0,1.0,0.0,0.0,1.0,1.0,0.0
1966_10_c26: ,false,c__,,0.0,,1.0,0.0,,,,,,,,,,0.0,0.0,0.0,0.0,0.0,0.0,0.0,0.0,1.0,0.0,0.0,0.0,0.0,0.0,0.0,1.0,0.0,0.0,0.0,1.0,0.0,0.0,1.0,1.0,0.0
1966_10_c27: ,false,c__,,0.0,,1.0,0.0,,,,,,,,,,0.0,0.0,0.0,0.0,0.0,0.0,0.0,0.0,1.0,0.0,0.0,0.0,0.0,0.0,0.0,1.0,0.0,0.0,0.0,1.0,0.0,0.0,1.0,1.0,0.0
1966_10_c28: ,false,c__,,0.0,,1.0,0.0,,,,,,,,,,0.0,0.0,0.0,0.0,0.0,0.0,0.0,0.0,1.0,0.0,0.0,0.0,0.0,0.0,0.0,1.0,0.0,0.0,0.0,1.0,0.0,0.0,1.0,1.0,0.0
1966_10_c29: ,false,c__,,0.0,,1.0,0.0,,,,,,,,,,0.0,0.0,0.0,0.0,0.0,0.0,0.0,0.0,1.0,0.0,0.0,0.0,0.0,0.0,0.0,1.0,0.0,0.0,0.0,,0.0,0.0,1.0,1.0,0.0
1966_10_c30: ,false,c__,,0.0,,1.0,0.0,,,,,,,,,,0.0,0.0,0.0,0.0,0.0,0.0,0.0,0.0,1.0,0.0,0.0,0.0,0.0,0.0,0.0,1.0,0.0,0.0,0.0,,0.0,0.0,1.0,1.0,0.0
1966_10_c31: ,false,c__,,0.0,,1.0,0.0,,,,,,,,,,0.0,0.0,0.0,0.0,0.0,0.0,0.0,0.0,1.0,0.0,0.0,,,,0.0,1.0,0.0,0.0,0.0,,0.0,0.0,1.0,1.0,0.0
1966_10_c32: ,false,c__,,0.0,,1.0,0.0,,,,,,,,,,0.0,0.0,0.0,0.0,0.0,0.0,0.0,0.0,1.0,0.0,0.0,,,,0.0,1.0,0.0,0.0,0.0,,0.0,0.0,1.0,1.0,0.0
1966_10_c33: ,false,c__,,0.0,,1.0,0.0,,,,,,,,,,0.0,0.0,0.0,0.0,0.0,0.0,0.0,0.0,1.0,0.0,0.0,,,,0.0,1.0,0.0,0.0,0.0,,0.0,0.0,1.0,1.0,0.0
1966_10_c34: ,false,c__,,0.0,,1.0,0.0,,,,,,,,,,0.0,0.0,0.0,0.0,0.0,0.0,0.0,0.0,1.0,0.0,0.0,,,,0.0,1.0,0.0,0.0,0.0,,0.0,0.0,1.0,1.0,0.0
1966_10_c35: ,false,c__,,0.0,,1.0,0.0,,,,,,,,,,0.0,0.0,0.0,0.0,0.0,0.0,0.0,0.0,1.0,0.0,0.0,,,,0.0,1.0,0.0,0.0,0.0,,0.0,0.0,1.0,1.0,0.0
1966_10_c36: ,false,c__,,0.0,,1.0,0.0,,,,,,,,,,0.0,0.0,0.0,0.0,0.0,0.0,0.0,0.0,1.0,0.0,0.0,,,,0.0,1.0,0.0,0.0,0.0,,0.0,0.0,1.0,1.0,0.0
1966_10_c37: ,false,c__,,0.0,,1.0,0.0,,,,,,,,,,0.0,0.0,0.0,0.0,0.0,0.0,0.0,0.0,1.0,0.0,0.0,,,,0.0,1.0,0.0,0.0,0.0,,0.0,0.0,1.0,1.0,0.0
1966_10_c38: ,false,c__,,0.0,,1.0,0.0,,,,,,,,,,0.0,0.0,0.0,0.0,0.0,0.0,0.0,0.0,1.0,0.0,0.0,,,,0.0,1.0,0.0,0.0,0.0,,0.0,0.0,1.0,1.0,0.0
1966_11_c03: ,false,c__,,,,,,,,,,,,,,,,,,,,,,,,,,,,,,,,,,,,,,,
1966_11_c04: ,false,c__,,,,,,,,,,,,,,,,,,,,,,,,,,,,,,,,,,,,,,,
1966_11_c05: ,false,c__,,,,,,,,,,,,,,,,,,,,,,,,,,,,,,,,,,,,,,,
1966_11_c06: ,false,c__,,,,,,,,,,,,,,,,,,,,,,,,,,,,,,,,,,,,,,,
1966_11_c07: ,false,c__,,,,,,,,,,,,,,,,,,,,,,,,,,,,,,,,,,,,,,,
1966_11_c08: ,false,c__,,,,,,,,,,,,,,,,,,,,,,,,,,,,,,,,,,,,,,,
1966_11_c11: ,false,c__,,,,,,,,,,,,,,,,,,,,,,,,,,,,,,,,,,,,,,,
1966_11_c12: ,false,c__,,,,,,,,,,,,,,,,,,,,,,,,,,,,,,,,,,,,,,,
1966_11_c13: ,false,c__,,,,,,,,,,,,,,,,,,,,,,,,,,,,,,,,,,,,,,,
1966_11_c14: ,false,c__,,,,,,,,,,,,,,,,,,,,,,,,,,,,,,,,,,,,,,,
1966_11_c15: ,false,c__,,,,1.0,0.0,0.0,0.0,,,,,,,,,,,,,,,,,,,,,,,,,,,,,,,,
1966_11_c16: ,false,c__,,,,1.0,0.0,0.0,0.0,,,,,,,,,,,,,,,,,,,,,,,,,,,,,,,,
1966_11_c17: ,false,c__,,,,1.0,0.0,0.0,0.0,,,,,,,,,,,,,,,,,,,,,,,,,,,,,,,,
1966_11_c18: ,false,c__,,,,1.0,0.0,0.0,0.0,,,,,,,,,,,,,,,,,,,,,,,,,,,,,,,,
1966_11_c19: ,false,c__,,,,1.0,0.0,0.0,0.0,,,,,,,,,,,,,,,,,,,,,,,,,,,,,,,,
1966_11_c24: ,false,c__,,,,,,,,,,,,,,,,,,,,,,,,,,,,,,,,,,,,,,,
1966_11_c25: ,false,c__,,0.0,,1.0,0.0,,,,,,,,,,0.0,0.0,0.0,0.0,0.0,0.0,0.0,0.0,1.0,0.0,0.0,0.0,0.0,0.0,0.0,1.0,0.0,0.0,0.0,1.0,0.0,0.0,1.0,1.0,1.0
1966_11_c26: ,false,c__,,0.0,,1.0,0.0,,,,,,,,,,0.0,0.0,0.0,0.0,0.0,0.0,0.0,0.0,1.0,0.0,0.0,0.0,0.0,0.0,0.0,1.0,0.0,0.0,0.0,1.0,0.0,0.0,1.0,1.0,1.0
1966_11_c27: ,false,c__,,0.0,,1.0,0.0,,,,,,,,,,0.0,0.0,0.0,0.0,0.0,0.0,0.0,0.0,1.0,0.0,0.0,0.0,0.0,0.0,0.0,1.0,0.0,0.0,0.0,1.0,0.0,0.0,1.0,1.0,1.0
1966_11_c28: ,false,c__,,0.0,,1.0,0.0,,,,,,,,,,0.0,0.0,0.0,0.0,0.0,0.0,0.0,0.0,1.0,0.0,0.0,0.0,0.0,0.0,0.0,1.0,0.0,0.0,0.0,1.0,0.0,0.0,1.0,1.0,1.0
1966_11_c29: ,false,c__,,0.0,,1.0,0.0,,,,,,,,,,0.0,0.0,0.0,0.0,0.0,0.0,0.0,0.0,1.0,0.0,0.0,0.0,0.0,0.0,0.0,1.0,0.0,0.0,0.0,,0.0,0.0,1.0,1.0,1.0
1966_11_c30: ,false,c__,,0.0,,1.0,0.0,,,,,,,,,,0.0,0.0,0.0,0.0,0.0,0.0,0.0,0.0,1.0,0.0,0.0,0.0,0.0,0.0,0.0,1.0,0.0,0.0,0.0,,0.0,0.0,1.0,1.0,1.0
1966_11_c31: ,false,c__,,0.0,,1.0,0.0,,,,,,,,,,0.0,0.0,0.0,0.0,0.0,0.0,0.0,0.0,1.0,0.0,0.0,,,,0.0,1.0,0.0,0.0,0.0,,0.0,0.0,1.0,1.0,1.0
1966_11_c32: ,false,c__,,0.0,,1.0,0.0,,,,,,,,,,0.0,0.0,0.0,0.0,0.0,0.0,0.0,0.0,1.0,0.0,0.0,,,,0.0,1.0,0.0,0.0,0.0,,0.0,0.0,1.0,1.0,1.0
1966_11_c33: ,false,c__,,0.0,,1.0,0.0,,,,,,,,,,0.0,0.0,0.0,0.0,0.0,0.0,0.0,0.0,1.0,0.0,0.0,,,,0.0,1.0,0.0,0.0,0.0,,0.0,0.0,1.0,1.0,1.0
1966_11_c34: ,false,c__,,0.0,,1.0,0.0,,,,,,,,,,0.0,0.0,0.0,0.0,0.0,0.0,0.0,0.0,1.0,0.0,0.0,,,,0.0,1.0,0.0,0.0,0.0,,0.0,0.0,1.0,1.0,1.0
1966_11_c35: ,false,c__,,0.0,,1.0,0.0,,,,,,,,,,0.0,0.0,0.0,0.0,0.0,0.0,0.0,0.0,1.0,0.0,0.0,,,,0.0,1.0,0.0,0.0,0.0,,0.0,0.0,1.0,1.0,1.0
1966_11_c36: ,false,c__,,0.0,,1.0,0.0,,,,,,,,,,0.0,0.0,0.0,0.0,0.0,0.0,0.0,0.0,1.0,0.0,0.0,,,,0.0,1.0,0.0,0.0,0.0,,0.0,0.0,1.0,1.0,1.0
1966_11_c37: ,false,c__,,0.0,,1.0,0.0,,,,,,,,,,0.0,0.0,0.0,0.0,0.0,0.0,0.0,0.0,1.0,0.0,0.0,,,,0.0,1.0,0.0,0.0,0.0,,0.0,0.0,1.0,1.0,1.0
1966_11_c38: ,false,c__,,0.0,,1.0,0.0,,,,,,,,,,0.0,0.0,0.0,0.0,0.0,0.0,0.0,0.0,1.0,0.0,0.0,,,,0.0,1.0,0.0,0.0,0.0,,0.0,0.0,1.0,1.0,1.0
1966_12_c03: ,false,c__,,,,,,,,,,,,,,,,,,,,,,,,,,,,,,,,,,,,,,,
1966_12_c04: ,false,c__,,,,,,,,,,,,,,,,,,,,,,,,,,,,,,,,,,,,,,,
1966_12_c05: ,false,c__,,,,,,,,,,,,,,,,,,,,,,,,,,,,,,,,,,,,,,,
1966_12_c06: ,false,c__,,,,,,,,,,,,,,,,,,,,,,,,,,,,,,,,,,,,,,,
1966_12_c07: ,false,c__,,,,,,,,,,,,,,,,,,,,,,,,,,,,,,,,,,,,,,,
1966_12_c08: ,false,c__,,,,,,,,,,,,,,,,,,,,,,,,,,,,,,,,,,,,,,,
1966_12_c11: ,false,c__,,,,,,,,,,,,,,,,,,,,,,,,,,,,,,,,,,,,,,,
1966_12_c12: ,false,c__,,,,,,,,,,,,,,,,,,,,,,,,,,,,,,,,,,,,,,,
1966_12_c13: ,false,c__,,,,,,,,,,,,,,,,,,,,,,,,,,,,,,,,,,,,,,,
1966_12_c14: ,false,c__,,,,,,,,,,,,,,,,,,,,,,,,,,,,,,,,,,,,,,,
1966_12_c15: ,false,c__,,,,1.0,0.0,1.0,0.0,,,,,,,,,,,,,,,,,,,,,,,,,,,,,,,,
1966_12_c16: ,false,c__,,,,1.0,0.0,1.0,0.0,,,,,,,,,,,,,,,,,,,,,,,,,,,,,,,,
1966_12_c17: ,false,c__,,,,1.0,0.0,1.0,0.0,,,,,,,,,,,,,,,,,,,,,,,,,,,,,,,,
1966_12_c18: ,false,c__,,,,1.0,0.0,1.0,0.0,,,,,,,,,,,,,,,,,,,,,,,,,,,,,,,,
1966_12_c19: ,false,c__,,,,1.0,0.0,1.0,0.0,,,,,,,,,,,,,,,,,,,,,,,,,,,,,,,,
1966_12_c24: ,false,c__,,,,,,,,,,,,,,,,,,,,,,,,,,,,,,,,,,,,,,,
1966_12_c25: ,false,c__,,0.0,,1.0,0.0,,,,,,,,,,0.0,0.0,0.0,0.0,0.0,0.0,0.0,0.0,1.0,0.0,0.0,0.0,0.0,0.0,0.0,0.0,0.0,0.0,0.0,1.0,0.0,1.0,1.0,0.0,1.0
1966_12_c26: ,false,c__,,0.0,,1.0,0.0,,,,,,,,,,0.0,0.0,0.0,0.0,0.0,0.0,0.0,0.0,1.0,0.0,0.0,0.0,0.0,0.0,0.0,0.0,0.0,0.0,0.0,1.0,0.0,1.0,1.0,0.0,1.0
1966_12_c27: ,false,c__,,0.0,,1.0,0.0,,,,,,,,,,0.0,0.0,0.0,0.0,0.0,0.0,0.0,0.0,1.0,0.0,0.0,0.0,0.0,0.0,0.0,0.0,0.0,0.0,0.0,1.0,0.0,1.0,1.0,0.0,1.0
1966_12_c28: ,false,c__,,0.0,,1.0,0.0,,,,,,,,,,0.0,0.0,0.0,0.0,0.0,0.0,0.0,0.0,1.0,0.0,0.0,0.0,0.0,0.0,0.0,0.0,0.0,0.0,0.0,1.0,0.0,1.0,1.0,0.0,1.0
1966_12_c29: ,false,c__,,0.0,,1.0,0.0,,,,,,,,,,0.0,0.0,0.0,0.0,0.0,0.0,0.0,0.0,1.0,0.0,0.0,0.0,0.0,0.0,0.0,0.0,0.0,0.0,0.0,,0.0,1.0,1.0,0.0,1.0
1966_12_c30: ,false,c__,,0.0,,1.0,0.0,,,,,,,,,,0.0,0.0,0.0,0.0,0.0,0.0,0.0,0.0,1.0,0.0,0.0,0.0,0.0,0.0,0.0,0.0,0.0,0.0,0.0,,0.0,1.0,1.0,0.0,1.0
1966_12_c31: ,false,c__,,0.0,,1.0,0.0,,,,,,,,,,0.0,0.0,0.0,0.0,0.0,0.0,0.0,0.0,1.0,0.0,0.0,,,,0.0,0.0,0.0,0.0,0.0,,0.0,1.0,1.0,0.0,1.0
1966_12_c32: ,false,c__,,0.0,,1.0,0.0,,,,,,,,,,0.0,0.0,0.0,0.0,0.0,0.0,0.0,0.0,1.0,0.0,0.0,,,,0.0,0.0,0.0,0.0,0.0,,0.0,1.0,1.0,0.0,1.0
1966_12_c33: ,false,c__,,0.0,,1.0,0.0,,,,,,,,,,0.0,0.0,0.0,0.0,0.0,0.0,0.0,0.0,1.0,0.0,0.0,,,,0.0,0.0,0.0,0.0,0.0,,0.0,1.0,1.0,0.0,1.0
1966_12_c34: ,false,c__,,0.0,,1.0,0.0,,,,,,,,,,0.0,0.0,0.0,0.0,0.0,0.0,0.0,0.0,1.0,0.0,0.0,,,,0.0,0.0,0.0,0.0,0.0,,0.0,1.0,1.0,0.0,1.0
1966_12_c35: ,false,c__,,0.0,,1.0,0.0,,,,,,,,,,0.0,0.0,0.0,0.0,0.0,0.0,0.0,0.0,1.0,0.0,0.0,,,,0.0,0.0,0.0,0.0,0.0,,0.0,1.0,1.0,0.0,1.0
1966_12_c36: ,false,c__,,0.0,,1.0,0.0,,,,,,,,,,0.0,0.0,0.0,0.0,0.0,0.0,0.0,0.0,1.0,0.0,0.0,,,,0.0,0.0,0.0,0.0,0.0,,0.0,1.0,1.0,0.0,1.0
1966_12_c37: ,false,c__,,0.0,,1.0,0.0,,,,,,,,,,0.0,0.0,0.0,0.0,0.0,0.0,0.0,0.0,1.0,0.0,0.0,,,,0.0,0.0,0.0,0.0,0.0,,0.0,1.0,1.0,0.0,1.0
1966_12_c38: ,false,c__,,0.0,,1.0,0.0,,,,,,,,,,0.0,0.0,0.0,0.0,0.0,0.0,0.0,0.0,1.0,0.0,0.0,,,,0.0,0.0,0.0,0.0,0.0,,0.0,1.0,1.0,0.0,1.0
